2.8590154349803925
10.273031681776047
-0.7536335289478302
-2.8109460175037384
5.446675270795822
-3.7308917343616486
-10.72072222828865
-0.5580945312976837
16.532259911298752
-7.895093470811844
-6.037542372941971
8.124322384595871
-11.704543143510818
0.8351139724254608
-6.774406462907791
10.040992230176926
8.415953606367111
9.014418095350266
-9.501626998186111
-0.5033974945545197
12.073437660932541
-13.30249360203743
4.710483521223068
2.295840710401535
-2.0524034798145294
-0.5609336197376251
6.291612595319748
3.7433943450450897
-11.7818823158741
8.29378554224968
5.171447724103928
4.643950909376144
-19.43531134724617
-2.1836486160755157
-5.220323592424393
13.302197903394699
4.16699692606926
0.06145140528678894
8.045986145734787
-2.477177172899246
-0.29526999592781067
-1.4162268936634064
-2.5999355614185333
4.6105131804943085
3.357575386762619
16.4380039870739
2.7715987861156464
9.369956463575363
-5.194779425859451
20.178831547498703
-8.409723311662674
2.105840176343918
-6.772646933794022
-8.139056712388992
-5.214214354753494
-3.3771481812000275
1.303660362958908
-6.960973292589188
2.7878131568431854
-9.774321109056473
-10.786170035600662
-3.232230693101883
13.526046723127365
3.719008892774582
-1.3624506294727325
-16.39814141392708
8.430173844099045
-6.592470675706863
-9.245493918657303
-2.4040179550647736
0.4298820197582245
3.0959276854991913
-9.755612403154373
-5.695172816514969
9.954858750104904
-3.911108523607254
5.2868814170360565
0.7830815017223358
8.934791535139084
-0.8088918030261993
-12.438324958086014
-4.4145675003528595
-7.2006321251392365
6.707265347242355
-7.751544028520584
-11.233432322740555
4.478275269269943
-3.55794957280159
-5.973088294267654
13.88117453455925
-9.598798781633377
-6.299849063158035
7.076729744672775
-0.016059428453445435
0.4978332221508026
-8.71374562382698
-2.922402411699295
11.62955328822136
-3.8021412193775177
-2.494951754808426
9.209202736616135
8.872700184583664
-13.569034606218338
12.161220043897629
0.15123268961906433
-0.7319312393665314
-4.373159438371658
-13.440542727708817
-1.916625052690506
5.870346516370773
-8.284828215837479
7.504447430372238
-9.314682990312576
-12.765779048204422
-1.874353438615799
1.3008780181407928
-2.8632536232471466
13.414379566907883
13.78795239329338
-2.2465634644031525
4.117350548505783
9.965509861707687
-2.8682232201099396
-5.833189517259598
-2.1931829750537872
-2.057700663805008
-5.91319277882576
3.345687359571457
3.8848333060741425
-10.100564509630203
2.08273121714592
-2.4052453339099884
-0.46891310811042786
-2.1083941757678986
10.0492362678051
4.718699902296066
9.425265282392502
-6.526502162218094
-9.58399012684822
-3.977789431810379
9.747055977582932
-4.300200968980789
-12.887260466814041
6.309974163770676
8.176146477460861
-0.8748030960559845
-4.4308872520923615
-2.1133218109607697
-4.107775717973709
-2.19562104344368
-5.285182982683182
12.557010143995285
-4.425023108720779
1.2920326888561249
-5.020460158586502
-12.37434247136116
13.40409180521965
-5.35715439915657
6.292968720197678
-4.102692157030106
-8.94074347615242
2.4115051925182343
-9.915208846330643
-2.323351413011551
5.72015854716301
0.6526989638805389
3.284694641828537
-7.231632739305496
-17.93351462483406
-3.0788855850696564
6.322366684675217
-3.5228486359119415
4.277924507856369
-1.7285609543323517
7.127494782209396
7.607688397169113
4.034163445234299
-4.741639643907547
13.129766434431076
-7.535334140062332
8.514889687299728
1.9365658462047577
-8.741130858659744
-3.1472287476062775
-11.600209265947342
-0.13925698399543762
-4.055509597063065
-5.923307925462723
-6.131445914506912
10.085579365491867
-6.883682280778885
4.941115826368332
2.6008672416210175
-10.834237605333328
-3.795961409807205
1.7507300078868866
7.776417702436447
-10.844020396471024
18.137340515851974
-3.6897778809070587
10.074892967939377
-2.389081507921219
-0.6540890038013458
-8.075720340013504
-6.3240194618701935
-14.414733439683914
-0.24056246876716614
15.39759013056755
-1.7406320869922638
11.63371130824089
-1.1923923790454865
-2.9651589691638947
7.004742592573166
-10.189059764146805
-8.579891234636307
2.64071986079216
-5.408207923173904
-6.328359156847
-11.973371535539627
9.519914120435715
-16.799796134233475
0.27050063014030457
-1.4431457817554474
18.47711130976677
-13.490334540605545
10.16220709681511
0.4404735267162323
-10.183001071214676
1.6998643577098846
-8.598552256822586
-5.392826110124588
-12.655735522508621
9.450488060712814
-16.45708993077278
-10.513357192277908
-5.6364045441150665
-2.058775931596756
9.641281574964523
1.0085677802562714
9.679679363965988
2.8517598807811737
-11.748750239610672
4.602636307477951
-0.40279629826545715
11.361782997846603
-2.5724978744983673
-16.80146411061287
1.9208559691905975
10.150980919599533
-5.275273829698563
7.22595402598381
-2.044676333665848
-6.600958853960037
-6.802390605211258
10.61457821726799
8.505294293165207
-5.2143488228321075
-10.599160701036453
-1.2059040367603302
-18.12454465031624
7.490498512983322
-12.610896617174149
-7.3058052361011505
17.870494335889816
8.193270653486252
-1.2829108536243439
4.744562119245529
7.795098751783371
5.0736550986766815
-21.56051591038704
6.874885529279709
-5.546043902635574
-2.188660651445389
9.110975712537766
2.5148524940013885
4.15175387263298
9.586010903120041
-11.21374848484993
-5.405849486589432
-1.306820422410965
-0.9226427376270294
-8.980001002550125
-6.457532912492752
-4.61707928776741
-3.5349340736865997
8.86690565943718
1.2894897162914276
3.0256647765636444
-8.57117560505867
2.8816590011119843
-4.735094100236893
13.926099270582199
5.14832016825676
-2.881053477525711
-7.601596862077713
-12.111088305711746
-21.69675925374031
-8.866544276475906
9.119668930768967
-11.781210452318192
-4.926726371049881
-16.0201258957386
-2.6416092216968536
5.720420330762863
3.1381063163280487
14.212889164686203
-11.455743819475174
-1.3015084564685822
-2.3225736916065216
15.887188404798508
5.606952637434006
-3.0423093140125275
-2.629078894853592
-5.442540675401688
6.976167649030685
13.802705258131027
12.398278206586838
-4.721610575914383
6.581588715314865
6.038222759962082
-3.5608148872852325
6.604666203260422
1.8529033362865448
-6.031069308519363
-1.3266706764698029
-15.409022837877274
-2.2802009880542755
5.399516552686691
3.780398339033127
-11.207990199327469
6.611963242292404
-4.365332156419754
-4.0599203407764435
-1.7375483810901642
-7.540916472673416
-0.5209279358386993
-1.1679392158985138
-0.4430098831653595
-9.309152632951736
11.237416714429855
3.636029213666916
-5.269687205553055
12.236942261457443
-23.28561070561409
1.0316724479198456
-6.66289284825325
11.527055710554123
1.2146773040294647
5.198677986860275
4.432060688734055
-9.509124785661697
-18.45703175663948
-2.183266669511795
-3.4301390945911407
-9.441911727190018
14.003949612379074
0.06552597880363464
-6.194804698228836
4.658382385969162
10.402308911085129
0.6247434318065643
-4.307248622179031
1.2214450538158417
-5.9572663605213165
11.674073189496994
1.2872166335582733
12.176963776350021
3.729911297559738
-19.106797248125076
1.143278568983078
-3.045373946428299
-10.231470614671707
-8.538180381059647
9.315624684095383
-5.515880614519119
-2.0367245972156525
6.059611290693283
-8.641057521104813
-12.80486872792244
9.618836849927902
2.8662652671337128
8.327919453382492
-2.98265078663826
5.539901226758957
-0.43853095173835754
0.7772431075572968
5.38046070933342
-9.968843966722488
5.324910134077072
-11.238399058580399
1.2141532599925995
-9.102711230516434
-19.163723975419998
7.835680454969406
-19.05188563466072
-12.557013064622879
6.2752542197704315
13.05416914820671
4.512031525373459
6.472938030958176
17.32153221964836
-9.028245478868484
11.335592240095139
2.2918295562267303
5.154797524213791
7.64312407374382
-3.6515159904956818
-7.295650988817215
8.45473763346672
0.6229653060436249
-6.019605666399002
-12.98481610417366
1.4010400474071503
-5.03403428196907
14.161010712385178
-5.970978289842606
-2.32660773396492
15.226812809705734
-5.679979354143143
6.050549954175949
-13.54851821064949
-2.539805918931961
-0.612888365983963
6.884456127882004
-3.5850038826465607
-10.779202967882156
-10.208028823137283
11.835427731275558
-0.256377249956131
5.563309162855148
5.464286774396896
-12.291847735643387
-7.882950812578201
5.042417973279953
-2.166254073381424
4.807317227125168
0.7149629294872284
9.712810963392258
-2.1699638664722443
-11.062389880418777
4.217051476240158
9.129175633192062
3.8828448951244354
1.4037184417247772
4.803002327680588
0.34619948267936707
-2.078140288591385
7.010329693555832
-11.847497016191483
-4.081429988145828
9.376768082380295
-5.937868624925613
-4.554759055376053
-0.09902527928352356
-4.8227424919605255
-1.6361890137195587
11.360903710126877
-0.15189889073371887
15.753015488386154
-8.779943972826004
4.0791787803173065
-1.1853633224964142
3.033729523420334
-0.5644460022449493
-10.720246344804764
7.3552689254283905
0.44908711314201355
-6.685007601976395
-1.857684165239334
11.524685353040695
-13.071224242448807
-1.33694127202034
13.346552819013596
-3.1224265396595
4.902482956647873
-7.215559512376785
1.0721521079540253
-3.5313792526721954
0.2998962104320526
-7.516174823045731
-1.001198798418045
2.8525147140026093
-1.4492969810962677
-1.934099704027176
-3.6938124001026154
-7.916057139635086
-7.415409117937088
-6.664646655321121
-10.326001197099686
-4.282407313585281
-9.168752700090408
17.596871823072433
7.281922310590744
-3.1918483078479767
-6.779640227556229
-2.344856768846512
-3.1903543770313263
-6.089692622423172
-8.818384200334549
11.814855068922043
9.436856240034103
1.0787472426891327
-0.35529711842536926
1.8806948363780975
7.843241661787033
7.868158787488937
-6.96069148182869
-2.842649966478348
2.2084893882274628
11.333229511976242
-6.70487979054451
-5.550491839647293
-5.7877130806446075
0.028646916151046753
5.84182545542717
-1.9381432831287384
1.0343217551708221
10.009098500013351
-12.39088824391365
3.7990832030773163
-8.645718604326248
-3.170728236436844
7.026666611433029
-9.034124881029129
-2.6481466591358185
-4.456145793199539
4.024177521467209
2.3669199645519257
-5.293274909257889
-7.2924666702747345
6.0313319861888885
-7.69309476017952
6.598584145307541
14.37499663233757
7.977817505598068
2.590518444776535
7.707118004560471
14.100931614637375
4.293321579694748
-13.47755292057991
-3.7879858314990997
0.9400257766246796
-3.0924682915210724
8.907378643751144
9.79296013712883
-0.5530333817005157
11.250135391950607
-17.9499993622303
13.62964341044426
9.676441639661789
0.250820130109787
-6.244999438524246
4.401751488447189
7.183138340711594
-3.6607265770435333
3.3270659148693085
-5.711028128862381
7.021744221448898
-8.554817229509354
1.5708841979503632
-5.029007941484451
-0.253053218126297
-7.001764327287674
2.791142910718918
1.6274995505809784
-8.586566478013992
-8.071880370378494
4.7925295531749725
-7.061818152666092
3.5758919417858124
-5.335477858781815
4.879731625318527
3.0827264487743378
1.289009541273117
-0.8628692924976349
-16.142563372850418
1.7408208549022675
-2.8925261795520782
-5.224367171525955
2.0303320586681366
6.092152565717697
11.085972279310226
-5.4902839958667755
7.203105419874191
0.8164090812206268
-9.220807582139969
2.769067734479904
2.680444210767746
2.0932779014110565
3.241821736097336
-0.5166244804859161
-0.7329640686511993
1.6024465262889862
-12.97145226597786
4.0823268592357635
-0.7324319183826447
14.523602455854416
16.194057911634445
-12.504390746355057
12.48672816157341
7.536433190107346
-11.70696023106575
0.15291020274162292
0.22920367121696472
2.8206262290477753
0.38018080592155457
-4.016082793474197
11.29968211054802
-1.944130927324295
-2.9898314774036407
8.418317764997482
6.002850979566574
-17.578150779008865
-5.762309581041336
-1.614200621843338
-7.856602221727371
8.598254173994064
15.617433995008469
6.316049546003342
1.0260100066661835
16.764771431684494
-11.795913249254227
0.13875576853752136
15.455375164747238
2.6010884940624237
6.552336186170578
3.283605545759201
-6.263819247484207
1.2868928611278534
-3.2831301987171173
-9.31971362233162
-2.3268857300281525
-16.498127967119217
-11.747624903917313
0.7584857642650604
8.570863217115402
15.425713509321213
2.213539570569992
7.44789120554924
-0.7658849060535431
-5.2618952095508575
3.1550507247447968
8.17819020152092
-2.0324425995349884
2.618733376264572
3.1315960586071014
7.8790702521800995
8.575877636671066
7.747286766767502
-2.302136927843094
2.980218857526779
10.363763302564621
-5.6965475380420685
-2.091460734605789
-2.588676482439041
22.135901898145676
-6.033082038164139
-1.6816878616809845
-5.3979282677173615
-9.80301907658577
5.917370766401291
16.98186919093132
-2.5178489983081818
-3.648312121629715
4.834498375654221
-0.5461020767688751
0.4812488257884979
-6.09528973698616
4.89798828959465
-5.21091416478157
-10.470947295427322
7.660735577344894
11.78752800822258
3.5421204268932343
6.055250138044357
-10.075548678636551
6.68280503153801
1.767689198255539
-5.010471373796463
-11.499455004930496
-5.736493140459061
-2.9795203506946564
4.761575669050217
-5.3062959015369415
2.709320992231369
-11.644820719957352
-4.698921233415604
-0.6913838684558868
3.6999349296092987
6.326475590467453
-1.962274581193924
-7.350031405687332
8.415036171674728
0.9890560805797577
-12.098796874284744
-3.4775510132312775
11.534312218427658
1.8976082503795624
-4.678800612688065
-7.769255191087723
-16.762549430131912
-9.893180400133133
10.227401703596115
0.5795435607433319
13.204138725996017
-5.828622370958328
-17.950502425432205
-6.126467257738113
-1.3859358131885529
-5.854030162096024
-4.2828254997730255
15.917399853467941
12.146914452314377
1.5852837264537811
7.660119980573654
-1.984167605638504
5.9823770225048065
3.544006794691086
-2.191978484392166
6.973517864942551
-4.199860602617264
-5.4231734573841095
1.5905666053295135
-2.9048562347888947
4.779889076948166
0.7384304702281952
-10.062557250261307
2.18539759516716
7.601313561201096
-0.4164939224720001
5.278337448835373
7.548966854810715
-21.555899649858475
-7.833259135484695
1.5429382026195526
-2.0094609558582306
10.987936943769455
3.0428223311901093
4.160932511091232
-2.185198336839676
-1.5874891579151154
0.26643797755241394
6.062007874250412
6.826442211866379
-14.602490454912186
-0.6077246963977814
7.675851792097092
8.330148190259933
8.122620552778244
-0.5249781906604767
0.9321517646312714
-6.869392901659012
14.267531365156174
-0.930635005235672
1.260595291852951
-0.46749356389045715
-8.988070517778397
-3.7700076401233673
-8.40913012623787
1.3405337035655975
-10.964497596025467
-3.4884085953235626
2.3526630103588104
-4.140623599290848
10.517937630414963
4.968849629163742
-8.52433779835701
3.893722027540207
9.138922661542892
10.156454533338547
-3.61044505238533
-10.251741915941238
-5.921855002641678
-7.870906382799149
-1.9759712517261505
13.227672070264816
-1.9847078621387482
-5.558545619249344
-15.19122889637947
-10.363348513841629
5.1300515830516815
-11.85177567601204
8.673469513654709
1.7798838317394257
7.102110832929611
7.8040909469127655
9.047811478376389
3.9620566070079803
11.111157387495041
-0.5362582504749298
4.861484497785568
-2.012142688035965
7.836878746747971
4.681864231824875
-1.455823928117752
1.1619734466075897
3.4589624106884003
0.5131458938121796
-7.974426299333572
-1.7109074890613556
3.65709587931633
3.5122742354869843
2.7353648841381073
5.673902004957199
-10.38903334736824
13.733936756849289
-8.396762877702713
-8.878910571336746
14.00026223063469
-1.2671790421009064
-0.9411220848560333
1.9353422820568085
-6.995329886674881
-10.436385661363602
-14.968025237321854
-3.078651934862137
18.30387780070305
-15.218995600938797
4.952215164899826
-1.6162057220935822
-2.9224272072315216
6.439678639173508
1.7492866218090057
-11.872631579637527
-3.994557410478592
20.094324558973312
-2.1471233665943146
-12.543242007493973
1.2671746909618378
-9.200370341539383
7.192672699689865
1.176650494337082
-1.4575434029102325
3.1102814376354218
-4.801637679338455
9.591733425855637
5.010975807905197
13.080967396497726
-1.2003670036792755
-7.493305712938309
-10.647580176591873
-7.733624964952469
-9.573827773332596
1.226220577955246
7.7464761435985565
7.721191853284836
6.007667511701584
6.554999798536301
3.872832268476486
-1.9998946487903595
0.9738063514232635
-5.202280551195145
0.9111756980419159
5.157803028821945
2.2542762458324432
-16.24093297123909
-2.4588060677051544
-1.2510276138782501
4.278764694929123
-9.256269961595535
-0.05742552876472473
-4.171699076890945
0.9769591987133026
8.55639597773552
-10.204995185136795
-11.04952386021614
1.7785472571849823
13.501752346754074
-11.721827536821365
10.170185536146164
-8.386783629655838
5.384486645460129
8.071764916181564
3.0421166121959686
-13.089345961809158
-0.49071362614631653
-10.644530326128006
-1.3790431320667267
3.6005477607250214
2.680839031934738
-0.1910257637500763
11.461393803358078
9.112585037946701
-10.796167880296707
10.611966103315353
-8.381885081529617
2.3764533698558807
-3.1170468628406525
0.4441327750682831
-7.354192286729813
-2.1781597435474396
7.022889584302902
3.4851617515087128
3.599159687757492
-14.62156680226326
-7.571671038866043
-2.5852594673633575
-2.9671416580677032
-5.52408030629158
-2.5960412323474884
7.412556618452072
-6.998408824205399
-1.9560127556324005
-6.245533496141434
10.158297508955002
-12.939954310655594
8.51232334971428
8.784539669752121
-2.1683492958545685
14.26290938258171
-2.189384490251541
-2.7011342346668243
2.112303704023361
5.1648697555065155
9.368551224470139
-6.39786770939827
6.179944008588791
9.82061430811882
6.115817993879318
-8.500973254442215
0.7142591178417206
-2.215169459581375
6.482103317975998
-7.70576336979866
7.89493653178215
-5.88779404759407
-3.6029053032398224
-3.2075505554676056
9.40166375041008
7.357428044080734
-6.709520369768143
5.298352688550949
-5.58587172627449
5.575184315443039
-1.908054381608963
9.616633862257004
-0.38798239827156067
4.320162266492844
-12.768819838762283
-6.9480195343494415
-2.824980765581131
2.6470493972301483
0.6378707587718964
10.409079998731613
-17.2171793282032
7.110533207654953
5.741704910993576
-12.007380038499832
-0.3848905861377716
15.765301197767258
-14.527629882097244
-4.3927121460437775
-5.648427039384842
2.1660408675670624
-5.740446120500565
14.557771176099777
9.171898812055588
19.367439717054367
-1.9670563042163849
1.648757427930832
-2.2442255318164825
-0.07581475377082825
2.222227066755295
9.184934109449387
9.282887428998947
3.8909649550914764
-4.2429085075855255
0.9709887206554413
-3.567074805498123
10.822466343641281
7.067224472761154
12.311608761548996
7.3855752646923065
-0.22662308812141418
8.082313507795334
-9.98851826786995
1.8205251395702362
5.2983841598033905
-5.7679539024829865
0.37529513239860535
-5.082537680864334
13.452175587415695
0.44610974192619324
-2.79226353764534
9.356074303388596
-6.2105613052845
-10.845808058977127
13.813493221998215
11.316048592329025
-4.635139018297195
2.2859801948070526
2.9972529113292694
-1.522927314043045
10.73312994837761
1.2711620032787323
13.063703030347824
0.018834084272384644
-8.051066905260086
3.039424866437912
3.817531079053879
