1.9090395343985156
2.481737175640837
6.845385168773545
4.443872709943853
3.790973958632576
5.471621446186282
0.9081937006532561
3.9985903302776853
9.167185873649771
1.3787803040683064
0.47045905774798685
5.889986429958547
7.958265389573256
2.3547836223814675
2.397873982226641
5.055839787360631
6.020059596885744
1.5785629205149183
3.781296084195687
1.7038927731490139
4.234950709656601
3.421724861338112
5.627966039044891
1.9727744140346806
2.5698126195374575
7.742940573600896
3.130176671161805
2.5482739002503854
3.983342474195722
5.989038735553584
2.4768244801206114
0.862557130178792
1.9880673073180324
1.9987263099604382
3.7360395567540214
4.990532576417499
1.4330241030500295
3.2391599380067424
3.1184304653792614
4.137536228560967
2.9603371789781354
1.5036243860685152
5.991769785189446
2.0307291513531913
4.1864007568850345
2.54009454908661
2.9080778498919093
3.298644492069619
2.212806148165895
8.135047381878797
2.7008792219051108
7.576897100337269
2.321671971309029
3.6479889476083605
4.738863021044877
9.778009888181593
6.080423544376741
4.15741960652577
7.850738581446265
2.9985354734505085
2.6173776944874296
6.5888553456100345
2.926031882866581
4.294601210646696
7.335702570933563
9.18549436592145
2.37578091426657
8.884694943641271
1.7400258932366617
3.8839179438171874
2.2579506264461733
1.5927375929254515
4.658224482557045
3.73856882027406
12.052035166408087
5.009662101426123
5.38721750593649
4.663916684422851
4.308045192952917
3.9966930161718244
1.5016885327466971
4.274252116417023
3.1669474791138006
1.1974814798789657
3.3515655769680555
11.452386461416586
2.8094834914725615
7.464920159602677
4.715512646383501
2.629507125603829
0.8738069618521669
4.689556196775717
7.505220005933296
3.035227711140158
5.74802264940932
1.8305692237637947
2.017556620647155
3.7342156440752836
14.83279887718403
4.250742232989487
8.051450453305078
2.367958992214972
4.323621497835048
4.117050320320906
4.78344143907867
3.7153801271255196
5.833197992150601
3.3119388882014595
1.8026538775537508
3.4677356538956365
1.846441888096236
1.1976886705145295
4.378176871475374
0.7295561826694614
7.099033117610601
0.43073280998176866
3.342416695817888
4.826776220399757
4.124666529111933
1.0969214261939362
0.23406941612637322
2.7455315329966714
8.10439433054701
1.7918150474889876
4.134647148296579
1.466893756540947
2.8118163626164536
3.266920144010718
1.1153401154263056
4.206547170832045
3.3717409963873157
0.7604098578346656
2.76186721748084
5.008409357308984
7.161140363290697
1.6271443680870936
8.515249025155583
4.975994234788805
1.4912996759625932
2.4620829561529467
1.2839084257758193
2.5703354828164384
1.7958653674584033
4.257681931529582
0.6689597743692266
3.7818914110423014
1.570973961561335
0.24523996438968876
2.937941529044706
12.272823563431736
3.0301040458391943
2.373628227697842
1.8690786125188756
6.351991228677212
5.605928091100011
10.298265706046001
1.5580666843099769
1.6360390053223801
7.566092410057406
4.670469653143008
1.697742252572879
2.3795325570029666
2.837649701740829
8.336316572384895
2.569733836604228
5.36013910812617
0.9539806161341593
3.4292425401147204
4.5261745167672975
3.2051077654567797
1.4470980330858785
2.5859397226609167
1.7435514855736463
3.597895508686782
3.4202152628376856
7.559276533948654
8.876191509752628
4.810885930838999
3.3230471001445627
1.5903678138893929
0.9065270515792738
2.0222443782974784
2.231268466280695
8.319302344197572
2.3762808930097767
1.3428025587782093
5.342376974974128
1.7860942577305172
3.222440367043844
2.6173260832741
2.422952954570163
3.486591949418588
4.762609404512431
4.310864136643949
5.828264414075774
3.830923059032293
3.2641343577543287
2.366064705001782
1.3563457308870701
1.230412795414387
1.0216532122970525
6.967089257687922
3.160067902790572
6.115197861519638
9.277911337813377
3.031709782319388
9.088772299951628
2.177681141712177
1.9821149673279015
3.9658140316675548
4.161589278980059
3.104449805758427
0.7345379707723216
4.629419350088007
1.7437055982152705
1.4308239419257154
6.432725797582349
5.315074230131591
3.8434318736736506
2.114978561193218
5.171820089553619
3.0973958415957332
1.6929180639657337
4.628448765093871
0.8240998350474902
2.293068691313983
6.566581435341176
3.4409664581939614
2.4975026531540427
3.8172804585175077
1.66896241184888
1.8791476371522924
3.36895677350327
2.4750775227725006
3.5958135605416848
1.9334876931589156
8.189614018602553
7.485012697012882
4.398091942769937
7.278268133944316
1.4741188100889522
1.8790109218843503
5.177674569892374
3.4326932631307363
1.0124582054098985
3.3560776074620895
6.789864774118583
2.5585421863814792
4.528055871817457
1.3848700014682498
5.457752093963178
2.657203863283164
2.2669573689563256
2.109050780118003
7.934813350312297
4.9503003510948735
0.8570233844995974
1.8024843840312945
9.072535822104227
3.3109537458783143
3.9122002743265787
8.006108907466432
1.206452413010239
1.7879599637735657
3.638330943183802
8.949342091722093
5.030225408835078
3.992384720332004
7.71856720243258
9.631625195407572
4.7100192226732664
4.3747658461448315
1.357588198481948
4.478493278988203
4.012088972477627
6.52681837903477
7.422216129365239
4.605852916296022
3.9261815268585414
0.5617544648667865
6.221740212077689
3.231489950047723
1.4455524116434182
1.947520878898465
6.725491137420448
2.1876329961233187
1.7482073668787583
1.4886277451575358
3.6047428447050143
3.474738819816884
2.071690877001074
2.659394767520971
2.677909195027296
0.7190235272451906
2.6695253455485917
3.5548383807774746
3.675085798409838
9.649610427662884
1.8162854769895622
1.4687452075109126
5.312863290331135
2.02859738641306
0.3734851840017504
8.761317508036703
0.7426147740521847
0.6962421450065852
2.6300369044413534
6.537144990504279
4.391479300831548
4.449269544442109
2.5969538257764233
5.6961617902910495
5.232050461286404
1.9403510261554464
8.833964436333034
6.307860113374451
0.7291889703887753
3.082343772470529
2.7320283640375314
2.7774458875436983
4.372207782385656
4.253547980809862
0.4455587949036177
4.6430897857519176
1.9399901458446314
4.00579167794499
5.178266828853948
1.8401718495983834
1.4054131832274939
2.6471199382195953
3.346475740262533
2.262409666077267
1.5832777455812836
4.091072581053061
8.391486509876115
8.453417071357812
1.8285585870606829
2.0155863541155616
4.180427249116759
0.3842912143948843
2.5701812293374635
0.7721780778974567
3.459167512563723
0.10274351971803869
0.9008635956355979
3.779943998760479
0.3425716421316585
4.1888223696095315
1.6663960423527149
0.5330730959727026
2.3433740137146364
1.138612305151745
8.922897795408062
1.5087318433996364
1.0579565598096812
10.899887282107066
0.5159184084343726
9.87442004404793
1.7518593736003103
6.685674554222479
9.072663886587689
5.5954857628170265
3.578767734277064
2.7543193380106663
1.3586852381521046
5.326659118518057
6.5900178855886065
1.2751087786094137
0.9628046789231339
3.5348778021243055
3.878150419490125
1.680636668695647
0.39715448102506823
2.819684371828976
1.4873188698575595
2.3499910524359313
2.852175083145709
2.714809915674329
8.582258918999583
6.246026628130628
2.6184447612040165
6.275407460837222
3.2569365815994464
2.6849063545209253
1.4929144366162737
2.180531617748847
11.233888145858955
4.32450354920612
12.242037748055308
2.0202548394312094
2.676029079994051
6.8993592334736515
9.898322420581108
3.461255092598214
3.730924242202902
3.0958384156777106
1.9276672958131646
2.3520438272425173
3.6612081333466753
2.7546497762692104
8.994280987087562
4.877985110918593
3.209290019956838
6.829350463823934
4.411892966862665
2.145055934981861
1.2527605210610053
5.128014282124346
3.2494158679018588
5.123101169701618
5.22297847325042
4.146813845566064
9.351041174358413
2.1312245328818227
1.3334299072229063
1.6856718513951625
1.2280559570431242
5.053799555267978
0.6409482466525693
8.625995322087837
1.9400940744579023
2.306747850434113
4.503923509883335
3.7594410796102613
1.7182935771589305
1.0272573463415773
5.844921723364407
4.36405592564872
3.510116077668811
4.738495101815863
1.5608052151483056
4.701331158878751
3.827931037345137
3.671328577227036
0.6344723025124628
2.253741054233692
10.808746355770294
4.9930376418931015
7.360286037109786
1.6208159435039908
5.729364744133079
2.522798105435874
4.771166406976433
2.1619542662162052
5.089841284575839
2.8075146062649656
1.2042063407007921
5.510024550736423
4.46805473540985
3.3475843199308377
2.6100826743562626
2.551909012802944
2.4877582494227957
1.5293766089069782
8.527587019733502
4.7152742643852354
4.121123498303233
1.6466547456576626
3.749278419405484
3.8629326904463346
2.4481235613153265
1.586202538652663
4.086469533947123
1.2975896385242356
1.0638852461487422
1.177076109300919
0.7623632550062345
2.8350846078540917
0.6163044253964065
1.3160593310412656
2.644577770844804
4.913415736804032
4.880398464871575
5.726791274861404
2.776864850230665
8.159188767053726
10.024900275922588
2.296144090765245
7.080385377365346
5.832658275405428
6.245021783161974
5.872981745515807
0.7239542795883969
3.391743323043065
6.071945983518416
1.8569637013862126
2.20902065757302
8.609367103838613
4.884016950883562
3.346054975337558
7.077240096489005
4.70515202862591
5.850835544541807
4.119638623235608
3.5068679978880786
7.022672576627251
3.1371539125849486
1.5753915898130293
0.13046562074192908
3.1931866022447
8.663680055672927
1.755602595677579
3.280359652922967
1.2071239688119624
1.7465017189358027
5.796226639262848
5.6365756943281005
2.7807201724328
4.6406002562525535
4.61227477633637
2.6148316596578374
0.7322782021132559
1.168642662850515
1.5367961775710404
5.4685178238541
13.786994128822435
1.557579047734662
7.31001488401157
1.746771488659916
11.451475373302847
2.9422253049722817
3.8040911366657673
1.8698487919231885
2.0285396154961495
1.8221878650939223
4.798194018175229
3.282417937236217
3.1894474879768984
3.799005706616639
1.053062519740883
3.223084774043868
1.331153184456375
1.4823378903762707
3.1578160310159324
5.28985663860503
6.617812165828687
10.797757005412619
1.6366992031987655
3.3013500478078432
3.525306664283014
14.97229016993171
7.371794975437331
0.8792033145881382
8.328314269355067
1.279733614488122
2.195794540358583
7.569624246904041
2.4569012909141383
5.239213083782287
6.62892775165219
2.313017744173904
3.270253327750871
1.14523683383237
3.209174994442839
1.393199950268083
3.6838694561124816
5.966852701597729
3.0386566011503993
8.008994585403329
5.923112192938609
10.69353421623839
1.0476294078911854
1.6864129153939436
1.6869291988542363
2.0624548158265545
4.347771091104483
2.938378657738709
2.9106768822169817
2.7864776923244667
5.775010880645828
1.5138466822443908
2.3693743224736385
2.7117618047036265
2.699080456073978
5.096583994712189
1.871971459530804
4.945085856594004
4.023514177618899
3.7005829419653216
0.973253127773396
3.516151520490012
0.4053773623153125
5.421722892487806
2.6053171868820675
3.608558588812513
2.621201751186283
2.7611473986425628
0.5616376181776763
3.0438922697390742
4.748999713804927
6.117392099477215
3.70476908358983
3.3770656892019124
3.834574558658182
3.236384887617091
2.5765434713769855
2.0384477698518415
5.5533392535471435
0.42638155472631833
1.1919977295643696
1.8276234070612523
4.068366913522602
2.3179367396079007
0.41335558019263546
4.921206028528757
2.3404718879378725
7.845949563784741
3.236880646499393
1.8650331632579755
8.148901959917401
3.744401942075128
3.0901985324585075
4.678808251617083
4.039933683926484
4.789281805074934
0.3720806730923334
2.7019699927919296
3.8060000983190383
2.5093953399966287
4.115136955822002
2.2014819655431372
0.7565011580697165
3.09708029822876
5.002910600809904
2.3003344279087505
1.9504950823729308
5.643453488126182
4.337273824221106
4.218902008790251
4.275334933858381
0.2882700320524654
1.143108860688577
1.1681117028689973
2.9307839584066704
3.34386484004274
0.4682152974620726
5.667809793044369
2.535447635615845
9.533322488524943
1.2853432022524691
3.774613628702581
7.281468057177398
1.6092271815767978
6.037616437207097
8.590372139964101
4.023157233200755
12.368213973250176
1.4408929849614571
0.5921328670763719
2.967837232198355
4.573671907055043
1.3579590565889452
2.674828244002213
10.687609066042489
5.825981530336078
3.728711384658303
0.8714388692509365
6.831445387585694
0.7598730629342887
7.873414390572938
2.3528593060206324
3.3158209117031907
1.0212867564980987
11.681581738280434
0.46125032311823505
5.077546116963054
3.6244099693472682
4.035617889283819
2.39935954863651
3.2665284731147386
3.6287319367637414
1.3734230664210179
4.665228232387107
5.034188402056606
6.673916049562775
9.059244383158294
2.1606081757416
3.2322941515718417
4.707724998228897
2.4744496421155793
1.0631382372567364
4.248375109730552
1.0375741265831513
1.1888421110102376
0.26374325064747867
2.6937339130965148
0.6132946670540909
5.723037099319121
2.398150956738049
1.2805576506957044
3.001152970089847
13.779539949704564
5.747784775242422
2.6920822360432117
1.5948453512769865
4.737118763501136
3.906043031305841
2.7588895204426143
4.774610723615139
1.2571249383423924
5.399409238343167
7.292478577995359
7.616405044278608
5.358235850439022
2.1541975416810137
1.1579656770978266
2.813447945177713
1.7144420250962957
2.830213999130165
8.576101730773962
4.395326039490711
4.771494473685826
4.283676062084225
1.4524276002131336
6.849658742143175
3.1275490746918626
2.0173934115415184
1.6554506110646008
1.0203807306763641
3.217866302796259
2.027982276916986
1.26334501166611
1.9639370970530896
6.074975459940411
2.8728338025458973
15.324655171655628
2.277680495015189
2.383000755111076
2.290386266864913
1.7503607344972414
3.85363845910713
1.893243841991441
4.2456033816722245
0.9063956474561001
3.9435040369120165
6.503360364104245
0.22339142551845642
0.9070831093275222
0.9407302229552803
2.336003843046874
3.9594777160348533
5.494041954547448
3.6358164138591027
7.984751671218637
1.2515508119191159
0.26547836792031543
2.4169751339779415
1.8551390846205527
1.6492572397463325
3.399288461649724
2.1854874793529993
4.577081916725823
1.2990453882122202
15.384612023588438
3.8479177601773378
2.3052100834871316
1.2056994762837396
1.721132158191927
6.434869735441722
3.286149418117808
2.2451046552875473
2.5912603200781694
9.734154416222125
6.042982035373958
0.3637551394603795
2.101652986102443
2.8748245681859848
1.7914329101262672
3.5048866614172303
2.0649214679388654
4.815785359210976
2.7062358077980297
1.5308328541637186
5.301851653126824
6.432143094181056
1.1379831627955275
2.634085025554497
1.1890725738609325
3.5606513500901675
2.557519564292554
6.615787514733794
1.6248103199167536
6.886157899059738
1.5425229700027137
9.522221339064684
7.50940363790159
0.11108222326130518
4.332137101685325
10.237416497922508
0.37199669571552985
1.5773074679675991
5.115151192905719
6.3171553988294695
0.5726023450140536
4.883452267223744
1.844789597156157
4.906652062991468
6.850090729687542
2.7474494115475485
0.5298910350563153
1.243508061193551
9.217912859724782
7.483550934768701
7.316203726990315
0.9754184579803953
0.747692835334056
2.6853303773363413
7.048454756998799
10.011033994333102
1.545343766592743
6.616605973455719
1.0644407237546352
4.8571853103888705
0.38835242484598265
7.410585342317048
2.3888167383918733
9.028143769763686
2.1833645998362448
2.880227082057231
1.8616071008301196
1.3319234747376916
5.25911814652111
6.849613127664767
0.9378778214253236
0.8575822433660383
8.551481790081205
1.5145531340311456
2.811738131411082
2.6184659132418053
2.183117560676954
2.171421086864128
4.460844179161476
6.522714845674045
2.8038068865858525
3.78827346377001
11.57763277898467
4.810653567687977
0.9086224678911554
2.8910279661719605
2.3843446918030997
1.9740153695386757
10.900690939250245
1.2796750766983243
5.164473384292043
10.841007095853996
7.326542957179676
4.53348983716772
0.6427945209598454
5.309286550825049
3.885157340632481
3.0980325017367383
2.9592681598399713
4.226888041812486
4.682081607146734
3.661002015808477
3.1272004418320796
7.5134115638333565
4.09131118003939
0.32250672721609336
10.389751674343549
4.845578943083382
1.2114908299923064
5.07614585706993
3.17459419138975
6.453090886461721
7.354485976154882
2.745849445371859
4.719533381838537
8.664708032801428
3.448309838956539
4.172226282638731
4.033577452117007
0.4880668546853136
0.28905064453682083
4.198480367972663
0.7265481688400746
3.9621351775857354
2.6196928740516006
1.8618756982727822
3.806450659318492
2.660929073358715
6.3130291067345246
1.9543662991652715
7.680719357250913
0.9906171146089084
1.4208547507152849
3.722838632623321
1.5386974692217938
9.351985842738655
0.45796094446405444
2.4539865175141378
8.213367408701878
2.6085925815613953
3.8617412489864256
1.133933850972979
11.357574476425206
1.429473235186605
4.789703486199932
4.090193687013097
4.206429074499019
9.100969530394224
0.43870081696272845
2.692785588176931
4.472400132512113
5.743441185983841
2.044321873798828
0.9749503570505587
9.63747632635684
5.367320214334624
1.5756194036002062
2.304248588907952
2.795860345859686
11.003743180356992
3.448782160508194
4.886363731169709
8.334212036730456
3.288056295543952
1.3805789531856822
0.1522439295234071
5.789510731535408
3.1161466591019567
7.852346278403054
0.41038591995909623
1.4411018532577122
2.6196020222407403
0.8909654211720754
6.487476084770478
1.5530846571015706
1.4021465815135334
0.4662648828364757
3.1169334995658025
6.655719951832872
3.769858428184107
1.8172443579820543
1.8821280303585999
4.780261127465783
6.201011877848088
2.125608747767621
5.869726447428277
7.956761494096575
1.7668093502037143
2.4475127577772247
10.989186665306065
4.08029434636483
1.0381129969333633
2.091984238638765
2.2579269493346734
6.199445978325534
3.2723337540946025
2.356115114006321
2.746131016228488
1.1393643391378339
8.07327655273201
4.139794860477202
10.977477548732011
1.3116411151101124
2.449379585153536
7.425642063280328
4.717968546223445
2.5565641630000107
0.8456807751124407
0.3613821257245666
2.1028257433457744
4.475648515158546
1.3309949590511954
1.2407138802026116
10.148894537750193
5.244860724975744
0.7474969203188371
2.2560278058618968
7.368539637323876
5.713327220817311
1.4969392500484835
3.16579428151855
2.8266056950771903
9.651362435363856
4.112086852441165
0.9521817134206634
9.199993552305855
6.653509497821082
4.9490243573901855
1.8484429547233736
1.5448265178472829
6.929625313232114
0.4833771532198048
7.905873151772774
4.601638107512442
6.392598386161715
3.233016731541027
4.153389736400221
0.9751709004634526
11.02281204570334
2.539872021444352
3.685105946761559
2.3187716587614338
3.385833531975968
1.783970287286393
3.3343135965879815
1.6962021531316358
4.161768933498698
