5.242404995280286
0.6227534850908334
1.5852771653000846
0.9436526882799123
0.6716709323597577
0.13913256544637262
0.47120715992670703
0.2640298526511169
1.3316343444243934
1.032749941746528
0.9576226391992976
0.4506979017801838
1.849551478408318
1.0892251743478782
1.4860049919731948
0.7178346265838064
0.5847821639527409
1.113626084985574
0.5204313807517926
1.1078070105008275
2.088457897284333
0.8251255482879939
0.8800011021334644
1.0354633400244435
0.6106499014463113
2.175251731772869
4.02011082264185
1.405970136966009
1.8888899185304358
1.5580021599171907
0.7154482392763583
0.0686844561696028
2.6194141853969826
0.34701307887499777
1.1939132793056009
1.8837870451204535
0.5440170969210697
0.22011603252251916
0.7964171659476477
0.5615748693839644
0.6311921121245511
1.2707563467503915
1.4420211001120586
0.5337993962207698
1.2940516096988575
0.8005507931888423
0.19513632794667135
2.6132166884449926
1.6503622584177813
0.019618521125966237
0.09160863390707277
0.9997157054354661
0.8352015060817346
1.1400360153673728
0.491743480186016
1.7888404932346293
0.7278086406900443
0.21146181888670962
1.5421464996881566
0.8832280977230005
1.781329436824528
0.08426351810165318
0.21664413423046514
0.39614109596589486
0.6223225604512591
0.44894975185522623
0.21294002765543435
0.22007274933468624
1.4237137007595964
2.426353170146312
0.5771780032342836
0.1967510654614435
0.580965724952791
5.9445186746079415
0.5010291245211493
0.19004412077203084
1.592603604902745
0.4447896184713146
0.8449803837339178
0.8605079468520492
0.6179015333186051
1.9205828762347652
0.9702348499317954
1.8724278776297691
1.0052485863114784
0.11216537569849738
0.7322534856002818
2.4402207651672727
0.9438888209005415
1.6340922569695935
0.5958827398879345
0.5280949510574109
0.28689588700813146
2.0138028445922465
2.0629592805689936
1.0115267980412648
1.2489021438769852
0.17350436652178552
0.5033872496089744
0.11615445768981769
0.8348545059797847
0.9741536421164799
2.7588757509272757
1.3092188115556964
0.4890518092487921
1.4496879508541123
0.9330277636084915
0.8644862566451029
0.5931590830485115
1.3211331294238915
1.3805208580437565
0.3587628849157546
1.6738857699259095
22.730804997279773
1.7844248927988478
3.0325636829647347
0.24936675960642504
0.8606507354005346
0.1845453701098325
0.2138182096806038
0.41968425768594086
0.11605442917541757
0.13496969535731185
1.578919454854848
0.6203421794170917
0.7546486319234529
3.773946294354426
1.3428267680555948
2.486489728019299
0.3474265161404225
1.2380019744740085
0.9740170937378978
4.410166744592852
1.1114264633013973
1.647760801252185
0.40864073726703065
0.13583894558149628
1.7130478592532317
0.7792225678635922
5.7331670333244515
0.8805216536770298
0.5573099215600962
0.24364469426755325
0.2606306309885968
3.078623753290054
0.8282782975157419
0.37288159269298243
0.10019731820891428
0.01932000179929337
0.5596954615069021
0.895362555452875
2.7965946594418742
0.3687543518869156
0.08978179716955262
1.3580085498818533
1.182112148080137
1.0037484503746166
11.932560164539687
3.6436341757633475
1.8157713394767612
0.8267388989355566
0.7407448189808682
0.5773485946837293
0.3610108970181353
0.4470299343260561
0.980839293510695
9.286751861503985
1.5554134064738405
28.764344521125814
5.282818754733463
9.64336171020298
0.32552431388501796
0.20033367150886655
0.088697145619112
0.12568695588534431
0.27483640678641374
0.565428099249014
0.2859277681455754
0.12027232138151979
2.1048146822771963
1.3007338825642187
1.60007028672421
0.8302311549771084
3.9205923821495303
0.6249176508222902
6.0163637160725845
0.6200306081232186
2.2568677862260684
0.25051092105022815
0.1439064690957774
0.6662285705752882
0.19063462139252443
1.755148166686235
0.2992328360042573
2.0883319886838643
3.0938329225673047
1.670990644335781
0.13646038397120414
2.2666170794471996
0.5368744978696173
1.2084810386931015
3.2319572743978457
0.22357891501162894
0.060225196747206465
1.3714578369820671
0.47596201480603734
0.30937432959943484
5.061674517888686
0.8154430430693921
3.41713624612972
0.6039883470615702
0.7424693396262719
0.863156321917682
0.6968048108979013
2.7685361430366564
3.473648780188828
2.711675344747057
0.34390366138291695
0.05052316088252416
4.601095401219991
0.9432412929627552
0.280031529410876
1.6021645583708697
0.519739623218434
2.7781633523247464
0.6704089057307888
0.6180919482656205
3.3944206112303332
0.865881252958275
0.9669387697290246
1.5689255667208943
3.0402415738333053
0.06280046098405667
1.901103122869009
1.5236318502158626
2.6171399942480176
4.715171713574259
0.3267829026333852
1.1679070736055106
0.9109954326578572
1.0571951177358614
0.5044681430427385
2.4144419762761036
6.01403292407235
0.9544592865946652
1.1229538861952113
1.570111992088413
2.3522275033413718
4.0541709610194685
0.8465973328634699
1.029512222362551
0.6860832929699069
8.716252519368414
13.36744637081325
1.2285877875505358
1.155103484337319
3.5051686480758457
2.5876248219965023
2.330284507824056
0.8740166475294064
1.3964482528283582
0.7629662533168267
1.9300810619649433
1.4190913364758964
3.1537052792011506
0.41926154433305207
1.1855637487121755
3.13044950653912
0.3161636084584116
28.177695856937152
2.7762105557817383
0.40329224346134407
0.18319815171017795
2.5433778067316464
0.8238692830742174
2.662503838300189
0.33291225694446025
0.13179661750845356
2.629396279175729
1.6063230383891887
1.0101087053910567
0.7933195777530739
0.5622996216672856
0.4099904099025672
0.3262267907157395
1.2991764862097397
5.364307857398684
1.0852310775932135
8.682420509719979
1.3500015280052273
0.1442827424193056
0.43047785930196314
1.311169580144943
0.9658630916116219
1.7957890877597908
3.451451313154273
5.945907921474309
0.215451703495476
0.17366907468765314
1.3906029659244872
1.1926109350695728
0.13139762753241166
3.923203188058065
1.6857372772650583
5.380862086989187
1.8063388838294887
0.012036518877851496
0.6878163243939818
0.49852694191125047
2.0948353819640815
0.5531984505150177
0.78429698099622
0.5650228279269289
0.16114069776686002
0.8287193634189739
3.1984979545792407
0.6182390149636727
1.6218085663927173
0.47960902631153995
1.4015654242986617
2.4732505533511002
1.0413992205032885
6.327230192357884
1.3248320459577043
1.7347310406035767
0.13901767899323017
0.843244053429673
0.6876628932327423
0.08053687512113827
0.3080957769770182
1.5872850341316964
0.4374131419797371
0.5023765729393277
0.35434047715876754
0.8722701545007425
0.4271584596623738
0.28592667641185915
0.008518246137673562
0.2998533604863026
0.7777730575596699
7.664403056823523
2.156179410498426
7.101392275329948
2.4366888003238145
0.5150465603024551
0.6131454997212058
0.683906939103352
5.134734719686361
2.8347028207674567
0.07278751744832286
0.8626789329627705
2.882861227460318
0.9818894119177743
0.6026297354140513
3.8368470854897425
1.305254218230696
0.5360184150198292
0.927388969466476
1.3474499640547828
0.5930789043227133
3.2669778726263328
13.623478911090867
0.04539691491883206
0.11520159908797384
0.7502410235906389
0.7377137507599357
1.2115115830760066
3.0892447875981857
3.422746897215813
1.01208310177526
0.22319886538954226
1.17683974043992
0.5616418262600053
1.0257858746662996
0.5944828911462828
0.5898715600127342
0.08946914840611318
1.2043265533702379
0.7352362847102397
0.6003153433301905
1.281374035527885
2.6384104055035036
4.200511978149518
1.5933786428931769
0.29544818672403
0.9734547705055804
0.2929990163604593
0.10259344803158238
0.22803040379522158
0.8876265428837701
0.9685072342035503
0.32637410650047977
0.7159523537730939
0.03329827204069629
4.230386966693585
0.19915649896477947
0.07304359861548568
3.0333216334631583
1.7449691284830586
0.40447148952803974
11.027834203908677
0.5801605022358846
0.07877003113462634
1.0180797361838314
0.09231891358595322
0.2631977363247296
0.5481363620644145
5.915190761874206
15.704507668483435
0.7265739623822894
0.16440404432021785
0.3702916273765441
1.2467618835833119
0.30224549850791477
0.4017492367407912
1.785384711329765
1.5035915063359766
0.5994120222170434
0.20753895490369378
0.27873734862666166
0.689307359524162
4.19951315038476
0.9686212669693208
2.108015621564193
2.7656856538329424
0.0807774114725333
0.08309253304553431
0.20499563414972033
0.9494852761125689
6.782282783157652
2.7981100592875023
0.28494394796806954
0.29500132558052755
2.29565353800634
5.259938261766217
2.588383278875611
0.9292946330558921
0.680299050884514
1.4081938609093119
0.8070817315452682
0.27596965038440746
0.06945703321920312
1.6350344229162677
0.46811367789419656
3.85414264186308
0.323634966659394
0.02467508429489585
0.0705171850483852
0.6833179269706855
3.6229897141412133
1.2477844405085885
0.3100557412133467
0.913368030371633
0.7377956939268099
2.8602049071687405
0.49689583416669647
2.841035084127634
1.1929992644723
0.46749528849539784
2.2090607970967526
0.5786020870736526
1.2505176818286752
0.6919162460494155
0.07499788355134177
0.6947836841372313
0.6374623443587855
0.03372859640378248
0.6467761744413103
0.17445988004798707
0.0749231989214995
0.39948172121394904
0.39909978167590887
2.9600341682339697
0.14904160970063587
1.8930429576539405
3.237613026713141
0.8114930491879535
2.5872058544445333
2.1194429783308664
0.24064830418239538
0.36764330061340045
1.7867123854031106
4.572298906459388
0.4956744911781712
0.6044547767176914
0.2479965488478369
0.9122044579847192
0.2831299420729402
0.7651070033429375
1.084941770616575
0.41311739285880017
4.030349761367116
0.525712566143272
1.3456500229154646
3.4951681139447857
0.5368823643266273
0.45609814506937857
2.9357810923911103
1.0157283431124025
1.327355605998811
1.3462179461808061
13.314603616044163
3.0950702139924013
1.5895288396221674
1.3169569042960876
0.7701913443443165
0.34035678117045465
2.3682932856629195
2.3360555802885195
2.940424877500244
4.800435383265418
0.8242932900171998
5.680603266402454
0.6797011276773829
0.8147147310814034
0.9462429426237233
0.899007295131097
0.5268278484729738
1.3343638818498498
3.0161409874954717
1.2516035772508267
12.310294165365244
0.04915805430771878
0.34370247548960003
0.21489745903743407
12.162983411354745
1.349526931578613
1.165350437138332
1.0761270714477107
0.7413880048018643
1.1719326086093003
12.959624172748175
1.9475777935031915
1.1492280018245673
0.18893193784942544
0.1695548209982627
1.3274023328988278
0.05795041671280888
0.024414642262798516
1.7854734428318204
0.27731863266865325
0.8601871201653772
4.6839910044884
3.628349677711452
0.2295553481857691
1.1942699412849938
1.0501699997598084
1.2530329622771248
0.27462696313647234
0.6016663474642063
0.8625889694698711
1.1588021665430086
1.8244172937950525
5.842992220089244
0.8630090779757377
1.7094589808224532
1.4931653149056023
0.8647353602623152
0.20185187679832628
0.17257951000810595
1.6535105961040248
0.78920939564686
0.6049330042483382
1.5205865798449572
2.025648660966207
0.20116834134426426
0.851857557820158
0.6775420220935612
0.044562890504360915
2.1206136614313307
1.245081577340385
3.60850872797029
0.36226457987899535
1.4179821174941165
0.020770814799972392
0.17302004329912712
0.4184059757992111
0.7061699159769703
0.9630403106063566
0.09186202858162504
0.4093449546496818
0.7878351691790682
1.6886926095396264
1.33758886436377
2.370949490535392
0.7067906234143139
0.05282327084293969
0.22692585200403814
0.5771699548887765
1.0928239606634196
1.7776159243654424
1.366027150665426
0.5084351785500488
0.48700314965441766
0.254601073945562
0.615201801252453
0.23563682718416254
2.0846407170927956
0.79942950683334
1.6248589104727365
1.2953394180134803
1.1847772276377586
2.8758871490468487
1.8185214678534012
4.308753442667634
0.6360798299707897
2.345362833754039
0.6864762016590488
1.788176514459455
0.039227953834059165
0.9876260100196226
0.27487790571029086
0.8570060484980763
0.26739665972857407
2.8904203910833233
0.22335629997137357
0.3726787121969203
0.6679339306460927
0.576515699735521
3.455334325463114
3.3087788874779265
4.702731305126561
6.427886482013168
0.4948041726110453
0.34842052792350514
2.072971171642983
4.0699455514851595
2.2948765769162325
0.5851543582624475
0.5260594951698423
0.14927849527385656
2.265925805157667
6.028271704653718
0.39167567966975847
0.5491082309754787
0.7633307220287624
1.0354361721555922
0.3939340293241371
6.4836265804261455
0.08057632360378404
0.11471011753283421
3.4617695584926778
0.4660315100792354
0.33631243399850896
0.2531372304359615
0.2556544252831907
0.6081414920815967
0.3927973822871538
0.32277993461088833
0.7140477676096796
2.723665439530049
1.2302830261331652
0.38016068954575216
0.48538249433467195
2.213272776882742
1.36888131957441
0.24762173404635004
0.7092766411366259
0.41049044640837823
1.5196305613766756
1.1498250591117816
1.561292197356039
1.0115859246509749
1.8412899036648378
1.0165551084477267
0.5021114117891581
1.9439562155522983
1.727086430712601
0.2693351715504817
0.1522547457475151
2.4639786608964296
6.592493433676834
5.844422751641252
0.8700133499616409
0.08370775967940168
5.082566373231188
0.446760667748293
1.604978271830714
12.468237799553517
0.31019598731625725
3.470603956824986
0.47827305606699855
0.7930029385415623
0.7002176238597008
0.3937286577661728
0.894907950171759
5.4559735555959925
0.549350195242855
4.319388404986092
2.579982524700712
0.06965059706437135
2.343375870574477
0.7237233740503803
0.8414881158887021
0.6162414377397626
1.2929797758284314
17.920480788465724
2.2597696731414136
2.955897778196717
2.202547472733346
0.9853096865819266
0.6080563276139876
0.31132722920050965
0.4952246225612742
4.050467002725046
0.03691121203104404
3.5586479570136147
1.319831029018396
0.7858745407987343
2.3357180323550826
3.083513197984824
0.15403329298293694
0.9005836667025238
0.8856119431572518
3.597272695480531
0.7130599747696837
0.6458742354632409
3.7157246672263264
1.0088740010425097
0.6519810355276142
3.4601965226219895
1.153362699417484
0.09488395393316555
0.8482516198996551
2.1239280435108654
0.12075069320525468
0.5646174387631762
2.871667126600126
2.526015664194801
0.6507320518545441
0.883249077590446
1.2586766464138128
0.29945656579734986
3.885240701097063
0.7179407847244272
0.4600716381129336
0.37931779132870164
5.395798503563277
3.791104887547443
3.201928308032454
7.279501890345837
0.7540142462018189
1.2408562828670364
0.9685201077316447
1.7925578306272587
1.7039179882359352
0.6552043561415677
0.5498383170202511
0.9517944636318061
1.518586768874186
1.8939270666721184
1.4347925532881463
1.2375311081155538
0.162674221278391
0.12137801647290174
1.8506063903075254
0.8605144909274517
1.9682115405858371
0.37227577901962966
1.1727286850034073
0.6595731410872093
0.24707018414840343
6.974624550922466
2.7827241856400793
0.2834719955435767
3.9286583142022637
4.987260615844109
1.1826283980112644
0.34377258926302
0.06957665234819287
1.1475101148213738
1.9080008670314288
0.34199694803601594
1.3426720813758082
1.327613439702957
0.48823467632920564
3.014902414811212
0.5758092903899595
0.23130873215814401
1.97822884544288
0.182854178114128
0.5728500020433189
1.0809203100459923
2.996784358866456
1.188015899454011
0.522288869788943
2.1812916759656518
0.32508975219382297
4.316568637863778
0.6846526121859675
0.32087596075959957
1.930195021456981
57.15117242354603
0.24949518896469258
1.497443281811876
0.7513490515102383
12.620013107101428
2.726194157419449
0.2635657886202829
2.118184696565557
2.0352611935958804
1.0715627886913666
0.8385302011603823
3.332749121025542
0.47832163280038603
1.6826075876135709
4.00086136309913
0.7530492572611053
7.461258338641654
1.6378966373957784
3.3774663568094314
0.4947868376544594
1.6359548036383595
0.7813017425632003
4.781791672752649
1.4490445719239629
1.1250541598534285
0.7349205185027431
0.8042822417980537
1.4095569298812316
0.3423249494805255
2.687718747376063
1.2122570188085118
5.174003004333351
2.939646031594121
1.2180500784420123
0.27895495862966063
0.3222918731454544
0.4114534259786173
0.7703220898221592
1.2925694737350462
0.5599481728733302
1.044649091272855
1.5957196585893998
0.4332287852001018
0.04885402922491127
2.5950605965590627
1.552532995744283
0.668737107890602
1.4462767593643946
0.2613441865109409
1.4886398908736864
2.118604929416234
0.8098462135177559
0.7944278359479873
2.7988472834282887
2.2213769118962174
0.9886502208135423
0.42542788174442586
1.3245412754147659
0.6322816487781077
0.2294347952208493
0.7700762274348462
0.7670657720908508
1.0160367647342143
1.7206564194097211
0.11767021171334027
5.4773168698033095
1.1896102302599387
0.3316804025230443
3.3349924642729274
0.6696799430585199
0.3318315726083271
3.84160817091508
2.982759949865673
4.901680213970569
2.438558873814472
2.7498256790982407
0.4272216689399391
1.0530406608970924
0.40551034620333454
0.2973828152272042
0.5803862402393534
0.728159531870348
0.5102127237528941
0.6993591541977473
8.377694614205659
1.2414444772957056
1.0521548730622232
2.7278235979679493
0.5758788905879104
0.3810062656306056
0.8184518961082049
0.037573558139639814
0.5815524230766249
1.5212314095252455
1.9591284986277073
1.0934465114430083
0.8247775715124853
0.48118412921560283
0.11562503066198618
2.5625359244396346
1.1722813005649018
5.387871754704369
0.5178639514470275
2.2324335563856748
0.45493595997677394
0.052788749185183996
0.544815271006316
0.3083601240499672
0.15277645956325864
1.2993433991153485
2.4658807099394955
6.099022706053685
0.4463161829756188
0.5091867494022091
2.8493014496802997
1.8347140463770852
0.2683737050527054
0.1838618106689136
1.5262368522854814
1.7025303310080029
1.6067037602970875
3.5005724512234906
7.046113481927945
1.1771592148674093
5.884849257485148
3.93564495634972
1.3619683120635548
0.28451965772795235
2.8975932661995283
0.8701823436957205
2.175167146697049
0.25956704702164474
0.4822465350426312
14.66058935849419
0.6513956127504763
0.1120660368088804
1.4084827817671075
0.4203212122251983
16.83703772116625
3.2632408032683906
0.7333090906854027
0.24712262030152257
3.475533153932695
1.3250048649429762
0.13191850947325187
1.0257346678302302
0.1132128252560134
0.298469890047752
2.4777491430957546
0.9340251017276123
0.36058990594653567
0.530797305290049
1.062647253706958
1.3187494131223279
0.5504992636107352
0.8006137735806956
1.4274229169621977
7.923073646513123
1.39564803352263
0.6763492648119082
0.9796468027651783
0.38036153143947576
0.3690258459973432
0.3374628154888758
11.990206192099697
4.779472122647544
4.11188289228101
0.5865919880465913
2.334359503335839
3.827331991467921
1.5098383118685919
0.5886395673714966
1.0084850250156718
0.4488622526448554
0.6912828760270682
1.8292655666666149
0.19956152012983108
1.1974732909015717
2.0641302840285762
0.4956561659015586
0.6843525709737183
0.8888021404199342
0.5753591744687357
0.33180884476929495
2.6230741181224495
1.5662393618794308
0.27965775691596756
1.029124984855339
3.4524236910979442
1.6695711205863377
0.2957476351857338
0.8130933432338684
0.12530571586417097
2.060279033221933
0.5233223465662712
0.07960396360665363
3.651278250437349
2.1045809638022965
3.0900320450379906
3.7128716467179497
3.9458871322681595
0.18754647705265073
0.08331705065226672
0.6331384162711446
0.3537426624002975
10.539021489290755
8.612495440607924
2.229216066586766
